function [C] = ldtp(I,varargin)
% Local Directional Texture Pattern
% 
% If you use this code please cite
% A. Ŕamírez Rivera et al., Local Directional Texture Pattern image descriptor, Pattern Recognition Letters (2014), http://dx.doi.org/10.1016/j.patrec.2014.08.012
%
% Parameters:
% I: the image to process
% Output
% C: coded image C without borders
%
% Optional parameters, inputed as string, value pairs: 
% thresh:   threshold value (default: 5)
% masksize: set the size of the mask to use (neighborhood size) (default: 3)
% mask:     type of mask to use (supported: Kirsch, Sobel, Prewitt, Robinson) (default: Kirsch)
% abs:      whether to sort the responses by their absolute value or not (default: false)
% 

%% Default values
%threshold
THR = 5;
% size of the neighborhood
neighSize = 3;
% type of mask to use
mask = 'kirsch';

% init filter
filter = [];
% compute absolute or not
comp_abs = false; 

% Convert to gray scale
if (size(I,3) ~= 1), I = rgb2gray(I); end;
I = double(I);


%% Parameters
optargin = size(varargin, 2);
stdargin = nargin - optargin;

if stdargin < 1
  error('at least 2 arguments required');
end
% parse options
i = 1;
while (i <= optargin)
  if (strcmp(varargin{i}, 'thresh'))
    if (i >= optargin)
      error('argument required for %s', varargin{i});
    else
      THR = varargin{i+1};
      i = i + 2;
    end
  elseif (strcmp(varargin{i}, 'masksize'))
    if (i >= optargin)
      error('argument required for %s', varargin{i});
    else
      neighSize = varargin{i+1};
      i = i + 2;
    end
  elseif (strcmp(varargin{i}, 'mask'))
    if (i >= optargin)
      error('argument required for %s', varargin{i});
    else
      mask = varargin{i+1};
      i = i + 2;
    end
  elseif (strcmp(varargin{i}, 'abs'))
    if (i >= optargin)
      error('argument required for %s', varargin{i});
    else
      comp_abs = varargin{i+1};
      i = i + 2;
    end
  else
    error('argument %s is does not exist',varargin{i});
    i = i + 2;
  end
  
end

%% Resolving Mask
% Masks
switch lower(mask)
  case 'kirsch'
    switch neighSize
      case 3
        D(:,:,1) = [-3 -3  5; -3  0  5; -3 -3  5];      %East
        D(:,:,2) = [-3  5, 5; -3  0  5; -3 -3 -3];      %North East
        D(:,:,3) = [ 5  5  5; -3  0 -3; -3 -3 -3];      %North
        D(:,:,4) = [ 5  5 -3;  5  0 -3; -3 -3 -3];      %North West
        D(:,:,5) = [ 5 -3 -3;  5  0 -3;  5 -3 -3];      %West
        D(:,:,6) = [-3 -3 -3;  5  0 -3;  5  5 -3];      %South West
        D(:,:,7) = [-3 -3 -3; -3  0 -3;  5  5  5];      %South
        D(:,:,8) = [-3 -3 -3; -3  0  5; -3  5  5];      %South Eest        
      case 5
        D(:,:,1) = [-5 -5 -5 -5 11; -5 -3 -3 5 11; -5 -3 0 5 11; -5 -3 -3 5 11; -5 -5 -5 -5 11];      %East
        D(:,:,2) = [-5 -5 11 11 11; -5 -3 5 5 11; -5 -3 0 5 11; -5 -3 -3 -3 -5; -5 -5 -5 -5 -5];      %North East
        D(:,:,3) = [ 11 11 11 11 11; -5 5 5 5 -5; -5 -3 0 -3 -5; -5 -3 -3 -3 -5; -5 -5 -5 -5 -5];     %North
        D(:,:,4) = [ 11 11 11 -5 -5; 11 5 5 -3 -5; 11 5 0 -3 -5; -5 -3 -3 -3 -5; -5 -5 -5 -5 -5];     %North West
        D(:,:,5) = [ 11 -5 -5 -5 -5; 11 5 -3 -3 -5; 11 5 0 -3 -5; 11 5 -3 -3 -5; 11 -5 -5 -5 -5];     %West
        D(:,:,6) = [-5 -5 -5 -5 -5; -5 -3 -3 -3 -5; 11 5 0 -3 -5; 11 5 5 -3 -5; 11 11 11 -5 -5];      %South West
        D(:,:,7) = [-5 -5 -5 -5 -5; -5 -3 -3 -3 -5; -5 -3 0 -3 -5; -5 5 5 5 -5; 11 11 11 11 11];      %South
        D(:,:,8) = [-5 -5 -5 -5 -5; -5 -3 -3 -3 -5; -5 -3 0 5 11; -5 -3 5 5 11; -5 -5 11 11 11];      %South West
      case 7
        D(:,:,1) = [-7 -7 -7 -7 -7 -7 17;-7 -5 -5 -5 -5 11 17;-7 -5 -3 -3 5 11 17;-7 -5 -3 0 5 11 17; -7 -5 -3 -3 5 11 17;-7 -5 -5 -5 -5 11 17;-7 -7 -7 -7 -7 -7 17];     %East
        D(:,:,2) = [-7 -7 -7 17 17 17 17;-7 -5 -5 11 11 11 17;-7 -5 -3 5 5 11 17;-7 -5 -3 0 5 11 17; -7 -5 -3 -3 -3 -5 -7;-7 -5 -5 -5 -5 -5 -7;-7 -7 -7 -7 -7 -7 -7];     %North East
        D(:,:,3) = [17 17 17 17 17 17 17;-7 11 11 11 11 11 -7;-7 -5 5 5 5 -5 -7;-7 -5 -3 0 -3 -5 -7;-7 -5 -3 -3 -3 -5 -7;-7 -5 -5 -5 -5 -5 -7;-7 -7 -7 -7 -7 -7 -7];      %North
        D(:,:,4) = [17 17 17 17 -7 -7 -7;17 11 11 11 -5 -5 -7;17 11 5 5 -3 -5 -7;17 11 5 0 -3 -5 -7;-7 -5 -3 -3 -3 -5 -7;-7 -5 -5 -5 -5 -5 -7;-7 -7 -7 -7 -7 -7 -7];      %North West
        D(:,:,5) = [17 -7 -7 -7 -7 -7 -7;17 11 -5 -5 -5 -5 -7;17 11 5 -3 -3 -5 -7;17 11 5 0 -3 -5 -7;17 11 5 -3 -3 -5 -7;17 11 -5 -5 -5 -5 -7;17 -7 -7 -7 -7 -7 -7];      %West
        D(:,:,6) = [-7 -7 -7 -7 -7 -7 -7;-7 -5 -5 -5 -5 -5 -7;-7 -5 -3 -3 -3 -5 -7;17 11 5 0 -3 -5 -7;17 11 5 5 -3 -5 -7;17 11 11 11 -5 -5 -7;17 17 17 17 -7 -7 -7];      %South West
        D(:,:,7) = [-7 -7 -7 -7 -7 -7 -7;-7 -5 -5 -5 -5 -5 -7;-7 -5 -3 -3 -3 -5 -7;-7 -5 -3 0 -3 -5 -7;-7 -5 5 5 5 -5 -7;-7 11 11 11 11 11 -7;17 17 17 17 17 17 17];      %South
        D(:,:,8) = [-7 -7 -7 -7 -7 -7 -7;-7 -5 -5 -5 -5 -5 -7;-7 -5 -3 -3 -3 -5 -7;-7 -5 -3 0 5 11 17; -7 -5 -3 5 5 11 17;-7 -5 -5 11 11 11 17;-7 -7 -7 17 17 17 17];     %South West
      case 9
        D(:,:,1) = [-9 -9 -9 -9 -9 -9 -9 -9 23;-9 -7 -7 -7 -7 -7 -7 17 23;-9 -7 -5 -5 -5 -5 11 17 23;-9 -7 -5 -3 -3 5 11 17 23;-9 -7 -5 -3 0 5 11 17 23;-9 -7 -5 -3 -3 5 11 17 23;-9 -7 -5 -5 -5 -5 11 17 23;-9 -7 -7 -7 -7 -7 -7 17 23;-9 -9 -9 -9 -9 -9 -9 -9 23];      %East
        D(:,:,2) = [-9 -9 -9 -9 23 23 23 23 23;-9 -7 -7 -7 17 17 17 17 23;-9 -7 -5 -5 11 11 11 17 23;-9 -7 -5 -3 5 5 11 17 23;-9 -7 -5 -3 0 5 11 17 23;-9 -7 -5 -3 -3 -3 -5 -7 -9;-9 -7 -5 -5 -5 -5 -5 -7 -9;-9 -7 -7 -7 -7 -7 -7 -7 -9;-9 -9 -9 -9 -9 -9 -9 -9 -9];      %North East
        D(:,:,3) = [23 23 23 23 23 23 23 23 23;-9 17 17 17 17 17 17 17 -9;-9 -7 11 11 11 11 11 -7 -9;-9 -7 -5 5 5 5 -5 -7 -9;-9 -7 -5 -3 0 -3 -5 -7 -9;-9 -7 -5 -3 -3 -3 -5 -7 -9;-9 -7 -5 -5 -5 -5 -5 -7 -9;-9 -7 -7 -7 -7 -7 -7 -7 -9;-9 -9 -9 -9 -9 -9 -9 -9 -9];      %North
        D(:,:,4) = [23 23 23 23 23 -9 -9 -9 -9;23 17 17 17 17 -7 -7 -7 -9;23 17 11 11 11 -5 -5 -7 -9;23 17 11 5 5 -3 -5 -7 -9;23 17 11 5 0 -3 -5 -7 -9;-9 -7 -5 -3 -3 -3 -5 -7 -9;-9 -7 -5 -5 -5 -5 -5 -7 -9;-9 -7 -7 -7 -7 -7 -7 -7 -9;-9 -9 -9 -9 -9 -9 -9 -9 -9];      %North West
        D(:,:,5) = [23 -9 -9 -9 -9 -9 -9 -9 -9;23 17 -7 -7 -7 -7 -7 -7 -9;23 17 11 -5 -5 -5 -5 -7 -9;23 17 11 5 -3 -3 -5 -7 -9;23 17 11 5 0 -3 -5 -7 -9;23 17 11 5 -3 -3 -5 -7 -9;23 17 11 -5 -5 -5 -5 -7 -9;23 17 -7 -7 -7 -7 -7 -7 -9;23 -9 -9 -9 -9 -9 -9 -9 -9];      %West
        D(:,:,6) = [-9 -9 -9 -9 -9 -9 -9 -9 -9;-9 -7 -7 -7 -7 -7 -7 -7 -9;-9 -7 -5 -5 -5 -5 -5 -7 -9;-9 -7 -5 -3 -3 -3 -5 -7 -9;23 17 11 5 0 -3 -5 -7 -9;23 17 11 5 5 -3 -5 -7 -9;23 17 11 11 11 -5 -5 -7 -9;23 17 17 17 17 -7 -7 -7 -9;23 23 23 23 23 -9 -9 -9 -9];      %South West
        D(:,:,7) = [-9 -9 -9 -9 -9 -9 -9 -9 -9;-9 -7 -7 -7 -7 -7 -7 -7 -9;-9 -7 -5 -5 -5 -5 -5 -7 -9;-9 -7 -5 -3 -3 -3 -5 -7 -9;-9 -7 -5 -3 0 -3 -5 -7 -9;-9 -7 -5 5 5 5 -5 -7 -9;-9 -7 11 11 11 11 11 -7 -9;-9 17 17 17 17 17 17 17 -9;23 23 23 23 23 23 23 23 23];      %South
        D(:,:,8) = [-9 -9 -9 -9 -9 -9 -9 -9 -9;-9 -7 -7 -7 -7 -7 -7 -7 -9;-9 -7 -5 -5 -5 -5 -5 -7 -9;-9 -7 -5 -3 -3 -3 -5 -7 -9;-9 -7 -5 -3 0 5 11 17 23;-9 -7 -5 -3 5 5 11 17 23; -9 -7 -5 -5 11 11 11 17 23;-9 -7 -7 -7 17 17 17 17 23;-9 -9 -9 -9 23 23 23 23 23];     %South West        
      case 11
        D(:,:,1) = [-11 -11 -11 -11 -11 -11 -11 -11 -11 -11 29;-11 -9 -9 -9 -9 -9 -9 -9 -9 23 29;-11 -9 -7 -7 -7 -7 -7 -7 17 23 29;-11 -9 -7 -5 -5 -5 -5 11 17 23 29;-11 -9 -7  -5 -3 -3 5 11 17 23 29;-11 -9 -7 -5 -3 0 5 11 17 23 29;-11 -9 -7 -5 -3 -3 5 11 17 23 29;-11 -9 -7 -5 -5 -5 -5 11 17 23 29;-11 -9 -7 -7 -7 -7 -7 -7 17 23 29;-11 -9 -9 -9 -9 -9 -9 -9 -9 23 29;-11 -11 -11 -11 -11 -11 -11 -11 -11 -11 29];     %East
        D(:,:,2) = [-11 -11 -11 -11 -11 29 29 29 29 29 29;-11 -9 -9 -9 -9 23 23 23 23 23 29;-11 -9 -7 -7 -7 17 17 17 17 23 29;-11 -9 -7 -5 -5 11 11 11 17 23 29;-11 -9 -7 -5 -3 5 5 11 17 23 29;-11 -9 -7 -5 -3 0 5 11 17 23 29;-11 -9 -7 -5 -3 -3 -3 -5 -7 -9 -11;-11 -9 -7 -5 -5 -5 -5 -5 -7 -9 -11;-11 -9 -7 -7 -7 -7 -7 -7 -7 -9 -11;-11 -9 -9 -9 -9 -9 -9 -9 -9 -9 -11;-11 -11 -11 -11 -11 -11 -11 -11 -11 -11 -11];      %North East
        D(:,:,3) = [29 29 29 29 29 29 29 29 29 29 29;-11 23 23 23 23 23 23 23 23 23 -11;-11 -9 17 17 17 17 17 17 17 -9 -11;-11 -9 -7 11 11 11 11 11 -7 -9 -11;-11 -9 -7 -5 5 5 5 -5 -7 -9 -11;-11 -9 -7 -5 -3 0 -3 -5 -7 -9 -11;-11 -9 -7 -5 -3 -3 -3 -5 -7 -9 -11;-11 -9 -7 -5 -5 -5 -5 -5 -7 -9 -11;-11 -9 -7 -7 -7 -7 -7 -7 -7 -9 -11;-11 -9 -9 -9 -9 -9 -9 -9 -9 -9 -11;-11 -11 -11 -11 -11 -11 -11 -11 -11 -11 -11];      %North
        D(:,:,4) = [29 29 29 29 29 29 -11 -11 -11 -11 -11;29 23 23 23 23 23 -9 -9 -9 -9 -11;29 23 17 17 17 17 -7 -7 -7 -9 -11;29 23 17 11 11 11 -5 -5 -7 -9 -11;29 23 17 11 5 5 -3 -5 -7 -9 -11;29 23 17 11 5 0 -3 -5 -7 -9 -11;-11 -9 -7 -5 -3 -3 -3 -5 -7 -9 -11;-11 -9 -7 -5 -5 -5 -5 -5 -7 -9 -11;-11 -9 -7 -7 -7 -7 -7 -7 -7 -9 -11;-11 -9 -9 -9 -9 -9 -9 -9 -9 -9 -11;-11 -11 -11 -11 -11 -11 -11 -11 -11 -11 -11];      %North West
        D(:,:,5) = [29 -11 -11 -11 -11 -11 -11 -11 -11 -11 -11;29 23 -9 -9 -9 -9 -9 -9 -9 -9 -11;29 23 17 -7 -7 -7 -7 -7 -7 -9 -11;29 23 17 11 -5 -5 -5 -5 -7 -9 -11;29 23 17 11 5 -3 -3 -5 -7 -9 -11;29 23 17 11 5 0 -3 -5 -7 -9 -11;29 23 17 11 5 -3 -3 -5 -7 -9 -11;29 23 17 11 -5 -5 -5 -5 -7 -9 -11;29 23 17 -7 -7 -7 -7 -7 -7 -9 -11;29 23 -9 -9 -9 -9 -9 -9 -9 -9 -11;29 -11 -11 -11 -11 -11 -11 -11 -11 -11 -11];      %West
        D(:,:,6) = [-11 -11 -11 -11 -11 -11 -11 -11 -11 -11 -11;-11 -9 -9 -9 -9 -9 -9 -9 -9 -9 -11;-11 -9 -7 -7 -7 -7 -7 -7 -7 -9 -11;-11 -9 -7 -5 -5 -5 -5 -5 -7 -9 -11;-11 -9 -7 -5 -3 -3 -3 -5 -7 -9 -11;29 23 17 11 5 0 -3 -5 -7 -9 -11;29 23 17 11 5 5 -3 -5 -7 -9 -11;29 23 17 11 11 11 -5 -5 -7 -9 -11;29 23 17 17 17 17 -7 -7 -7 -9 -11;29 23 23 23 23 23 -9 -9 -9 -9 -11;29 29 29 29 29 29 -11 -11 -11 -11 -11];      %South West
        D(:,:,7) = [-11 -11 -11 -11 -11 -11 -11 -11 -11 -11 -11;-11 -9 -9 -9 -9 -9 -9 -9 -9 -9 -11;-11 -9 -7 -7 -7 -7 -7 -7 -7 -9 -11;-11 -9 -7 -5 -5 -5 -5 -5 -7 -9 -11;-11 -9 -7 -5 -3 -3 -3 -5 -7 -9 -11;-11 -9 -7 -5 -3 0 -3 -5 -7 -9 -11;-11 -9 -7 -5 5 5 5 -5 -7 -9 -11;-11 -9 -7 11 11 11 11 11 -7 -9 -11;-11 -9 17 17 17 17 17 17 17 -9 -11;-11 23 23 23 23 23 23 23 23 23 -11; 29 29 29 29 29 29 29 29 29 29 29];     %South
        D(:,:,8) = [-11 -11 -11 -11 -11 -11 -11 -11 -11 -11 -11;-11 -9 -9 -9 -9 -9 -9 -9 -9 -9 -11;-11 -9 -7 -7 -7 -7 -7 -7 -7 -9 -11;-11 -9 -7 -5 -5 -5 -5 -5 -7 -9 -11;-11 -9 -7 -5 -3 -3 -3 -5 -7 -9 -11;-11 -9 -7 -5 -3 0 5 11 17 23 29;-11 -9 -7 -5 -3 5 5 11 17 23 29;-11 -9 -7 -5 -5 11 11 11 17 23 29;-11 -9 -7 -7 -7 17 17 17 17 23 29;-11 -9 -9 -9 -9 23 23 23 23 23 29;-11 -11 -11 -11 -11 29 29 29 29 29 29];      %South West
      otherwise
        error('Kirsh mask size not supported. Use only: 3, 5, 7, 9, 11');
    end
  case 'sobel'
    switch neighSize
      case 3
        D(:,:,1) = [1 2 1; 0 0 0; -1 -2 -1];      %East
        D(:,:,2) = [2 1 0; 1 0 -1; 0 -1 -2];      %North East
        D(:,:,3) = [1 0 -1; 2 0 -2; 1 0 -1];      %North
        D(:,:,4) = [0 -1 -2; 1 0 -1; 2 1 0];      %North West
        D(:,:,5) = [-1 -2 -1; 0 0 0; 1 2 1];      %West
        D(:,:,6) = [-2 -1 0; -1 0 1; 0 1 2];      %South West
        D(:,:,7) = [-1 0 1; -2 0 2; -1 0 1];      %South
        D(:,:,8) = [0 1 2; -1 0 1; -2 -1 0];      %South Eest
      case 5
        D(:,:,1) = [1	2	0	-2	-1;4	8	0	-8	-4;6	12	0	-12	-6;4	8	0	-8	-4;1	2	0	-2	-1];     % East
        D(:,:,2) = [1	4	6	4	1;2	8	12	8	2;0	0	0	0	0;-2	-8	-12	-8	-2;-1	-4	-6	-4	-1];       % North East
        D(:,:,3) = [-1	-4	-6	-4	-1;-2	-8	-12	-8	-2;0	0	0	0	0;2	8	12	8	2;1	4	6	4	1];      % North
        D(:,:,4) = [-1	-2	0	2	1;-4	-8	0	8	4;-6	-12	0	12	6;-4	-8	0	8	4;-1	-2	0	2	1];    % North West
        D(:,:,5) = [0	2	1	4	6;-2	0	8	12	4;-1	-8	0	8	1;-4	-12	-8	0	2;-6	-4	-1	-2	0];    % West
        D(:,:,6) = [6	4	1	2	0;4	12	8	0	-2;1	8	0	-8	-1;2	0	-8	-12	-4;0	-2	-1	-4	-6];     % South West
        D(:,:,7) = [-6	-4	-1	-2	0;-4	-12	-8	0	2;-1	-8	0	8	1;-2	0	8	12	4;0	2	1	4	6];    % South
        D(:,:,8) = [0	-2	-1	-4	-6;2	0	-8	-12	-4;1	8	0	-8	-1;4	12	8	0	-2;6	4	1	2	0];    % South Eest
      case 7
        D(:,:,1) = [1	4	5	0	-5	-4	-1;6	24	30	0	-30	-24	-6;15	60	75	0	-75	-60	-15;20	80	100	0	-100	-80	-20;15	60	75	0	-75	-60	-15;6	24	30	0	-30	-24	-6;1	4	5	0	-5	-4	-1];    % East
        D(:,:,2) = [1	6	15	20	15	6	1;4	24	60	80	60	24	4;5	30	75	100	75	30	5;0	0	0	0	0	0	0;-5	-30	-75	-100	-75	-30	-5;-4	-24	-60	-80	-60	-24	-4;-1	-6	-15	-20	-15	-6	-1];      % North East
        D(:,:,3) = [-1	-6	-15	-20	-15	-6	-1;-4	-24	-60	-80	-60	-24	-4;-5	-30	-75	-100	-75	-30	-5;0	0	0	0	0	0	0;5	30	75	100	75	30	5;4	24	60	80	60	24	4;1	6	15	20	15	6	1];     % North
        D(:,:,4) = [-1	-4	-5	0	5	4	1;-6	-24	-30	0	30	24	6;-15	-60	-75	0	75	60	15;-20	-80	-100	0	100	80	20;-15	-60	-75	0	75	60	15;-6	-24	-30	0	30	24	6;-1	-4	-5	0	5	4	1];   % North West
        D(:,:,5) = [0	5	4	1	6	15	20;-5	0	30	24	60	80	15;-4	-30	0	75	100	60	6;-1	-24	-75	0	75	24	1;-6	-60	-100	-75	0	30	4;-15	-80	-60	-24	-30	0	5;-20	-15	-6	-1	-4	-5	0];     % West
        D(:,:,6) = [20	15	6	1	4	5	0;15	80	60	24	30	0	-5;6	60	100	75	0	-30	-4;1	24	75	0	-75	-24	-1;4	30	0	-75	-100	-60	-6;5	0	-30	-24	-60	-80	-15;0	-5	-4	-1	-6	-15	-20]; % South West
        D(:,:,7) = [-20	-15	-6	-1	-4	-5	0;-15	-80	-60	-24	-30	0	5;-6	-60	-100	-75	0	30	4;-1	-24	-75	0	75	24	1;-4	-30	0	75	100	60	6;-5	0	30	24	60	80	15;0	5	4	1	6	15	20];  % South
        D(:,:,8) = [0	-5	-4	-1	-6	-15	-20;5	0	-30	-24	-60	-80	-15;4	30	0	-75	-100	-60	-6;1	24	75	0	-75	-24	-1;6	60	100	75	0	-30	-4;15	80	60	24	30	0	-5;20	15	6	1	4	5	0];     % South Eest
      case 9
        D(:,:,1) = [1	6	14	14	0	-14	-14	-6	-1;8	48	112	112	0	-112	-112	-48	-8;28	168	392	392	0	-392	-392	-168	-28;56	336	784	784	0	-784	-784	-336	-56;70	420	980	980	0	-980	-980	-420	-70;56	336	784	784	0	-784	-784	-336	-56;28	168	392	392	0	-392	-392	-168	-28;8	48	112	112	0	-112	-112	-48	-8;1	6	14	14	0	-14	-14	-6	-1];      % East
        D(:,:,2) = [1	8	28	56	70	56	28	8	1;6	48	168	336	420	336	168	48	6;14	112	392	784	980	784	392	112	14;14	112	392	784	980	784	392	112	14;0	0	0	0	0	0	0	0	0;-14	-112	-392	-784	-980	-784	-392	-112	-14;-14	-112	-392	-784	-980	-784	-392	-112	-14;-6	-48	-168	-336	-420	-336	-168	-48	-6;-1	-8	-28	-56	-70	-56	-28	-8	-1];        % North East
        D(:,:,3) = [-1	-8	-28	-56	-70	-56	-28	-8	-1;-6	-48	-168	-336	-420	-336	-168	-48	-6;-14	-112	-392	-784	-980	-784	-392	-112	-14;-14	-112	-392	-784	-980	-784	-392	-112	-14;0	0	0	0	0	0	0	0	0;14	112	392	784	980	784	392	112	14;14	112	392	784	980	784	392	112	14;6	48	168	336	420	336	168	48	6;1	8	28	56	70	56	28	8	1];       % North
        D(:,:,4) = [-1	-6	-14	-14	0	14	14	6	1;-8	-48	-112	-112	0	112	112	48	8;-28	-168	-392	-392	0	392	392	168	28;-56	-336	-784	-784	0	784	784	336	56;-70	-420	-980	-980	0	980	980	420	70;-56	-336	-784	-784	0	784	784	336	56;-28	-168	-392	-392	0	392	392	168	28;-8	-48	-112	-112	0	112	112	48	8;-1	-6	-14	-14	0	14	14	6	1];     % North West
        D(:,:,5) = [0	14	14	6	1	8	28	56	70;-14	0	112	112	48	168	336	420	56;-14	-112	0	392	392	784	980	336	28;-6	-112	-392	0	784	980	784	168	8;-1	-48	-392	-784	0	784	392	48	1;-8	-168	-784	-980	-784	0	392	112	6;-28	-336	-980	-784	-392	-392	0	112	14;-56	-420	-336	-168	-48	-112	-112	0	14;-70	-56	-28	-8	-1	-6	-14	-14	0];     % West
        D(:,:,6) = [70	56	28	8	1	6	14	14	0;56	420	336	168	48	112	112	0	-14;28	336	980	784	392	392	0	-112	-14;8	168	784	980	784	0	-392	-112	-6;1	48	392	784	0	-784	-392	-48	-1;6	112	392	0	-784	-980	-784	-168	-8;14	112	0	-392	-392	-784	-980	-336	-28;14	0	-112	-112	-48	-168	-336	-420	-56;0	-14	-14	-6	-1	-8	-28	-56	-70];     % South West
        D(:,:,7) = [-70	-56	-28	-8	-1	-6	-14	-14	0;-56	-420	-336	-168	-48	-112	-112	0	14;-28	-336	-980	-784	-392	-392	0	112	14;-8	-168	-784	-980	-784	0	392	112	6;-1	-48	-392	-784	0	784	392	48	1;-6	-112	-392	0	784	980	784	168	8;-14	-112	0	392	392	784	980	336	28;-14	0	112	112	48	168	336	420	56;0	14	14	6	1	8	28	56	70];      % South
        D(:,:,8) = [0	-14	-14	-6	-1	-8	-28	-56	-70;14	0	-112	-112	-48	-168	-336	-420	-56;14	112	0	-392	-392	-784	-980	-336	-28;6	112	392	0	-784	-980	-784	-168	-8;1	48	392	784	0	-784	-392	-48	-1;8	168	784	980	784	0	-392	-112	-6;28	336	980	784	392	392	0	-112	-14;56	420	336	168	48	112	112	0	-14;70	56	28	8	1	6	14	14	0];     % South Eest
      otherwise
        error('Soble mask size not supported. Use only: 3, 5, 7, 9');
    end
  case 'prewitt'
    switch neighSize
      case 3
        D(:,:,1) = [1 1 1; 0 0 0; -1 -1 -1];      % East
        D(:,:,2) = [1 1 0; 1 0 -1; 0 -1 -1];      % North East
        D(:,:,3) = [1 0 -1; 1 0 -1; 1 0 -1];      % North
        D(:,:,4) = [0 -1 -1; 1 0 -1; 1 1 0];      % North West
        D(:,:,5) = [-1 -1 -1; 0 0 0; 1 1 1];      % West
        D(:,:,6) = [-1 -1 0; -1 0 1; 0 1 1];      % South West
        D(:,:,7) = [-1 0 1; -1 0 1; -1 0 1];      % South
        D(:,:,8) = [0 1 1; -1 0 1; -1 -1 0];      % South Eest
      case 5
        D(:,:,1) = [2	2	2	2	2;1	1	1	1	1;0	0	0	0	0;-1	-1	-1	-1	-1;-2	-2	-2	-2	-2];       % East
        D(:,:,2) = [2	1	0	-1	-2;2	1	0	-1	-2;2	1	0	-1	-2;2	1	0	-1	-2;2	1	0	-1	-2];     % North East
        D(:,:,3) = [-2	-1	0	1	2;-2	-1	0	1	2;-2	-1	0	1	2;-2	-1	0	1	2;-2	-1	0	1	2];    % North
        D(:,:,4) = [-2	-2	-2	-2	-2;-1	-1	-1	-1	-1;0	0	0	0	0;1	1	1	1	1;2	2	2	2	2];      % North West
        D(:,:,5) = [-2	-2	-2	-1	0;-2	-1	-1	0	1;-2	-1	0	1	2;-1	0	1	1	2;0	1	2	2	2];    % West
        D(:,:,6) = [0	1	2	2	2;-1	0	1	1	2;-2	-1	0	1	2;-2	-1	-1	0	1;-2	-2	-2	-1	0];    % South West
        D(:,:,7) = [0	-1	-2	-2	-2;1	0	-1	-1	-2;2	1	0	-1	-2;2	1	1	0	-1;2	2	2	1	0];    % South
        D(:,:,8) = [2	2	2	1	0;2	1	1	0	-1;2	1	0	-1	-2;1	0	-1	-1	-2;0	-1	-2	-2	-2];     % South Eest
      case 7
        D(:,:,1) = [3	3	3	3	3	3	3;2	2	2	2	2	2	2;1	1	1	1	1	1	1;0	0	0	0	0	0	0;-1	-1	-1	-1	-1	-1	-1;-2	-2	-2	-2	-2	-2	-2;-3	-3	-3	-3	-3	-3	-3];      % East
        D(:,:,2) = [3	2	1	0	-1	-2	-3;3	2	1	0	-1	-2	-3;3	2	1	0	-1	-2	-3;3	2	1	0	-1	-2	-3;3	2	1	0	-1	-2	-3;3	2	1	0	-1	-2	-3;3	2	1	0	-1	-2	-3];  % North East
        D(:,:,3) = [-3	-2	-1	0	1	2	3;-3	-2	-1	0	1	2	3;-3	-2	-1	0	1	2	3;-3	-2	-1	0	1	2	3;-3	-2	-1	0	1	2	3;-3	-2	-1	0	1	2	3;-3	-2	-1	0	1	2	3]; % North
        D(:,:,4) = [-3	-3	-3	-3	-3	-3	-3;-2	-2	-2	-2	-2	-2	-2;-1	-1	-1	-1	-1	-1	-1;0	0	0	0	0	0	0;1	1	1	1	1	1	1;2	2	2	2	2	2	2;3	3	3	3	3	3	3];     % North West
        D(:,:,5) = [-3	-3	-3	-3	-2	-1	0;-3	-2	-2	-2	-1	0	1;-3	-2	-1	-1	0	1	2;-3	-2	-1	0	1	2	3;-2	-1	0	1	1	2	3;-1	0	1	2	2	2	3;0	1	2	3	3	3	3]; % West
        D(:,:,6) = [0	1	2	3	3	3	3;-1	0	1	2	2	2	3;-2	-1	0	1	1	2	3;-3	-2	-1	0	1	2	3;-3	-2	-1	-1	0	1	2;-3	-2	-2	-2	-1	0	1;-3	-3	-3	-3	-2	-1	0]; % South West
        D(:,:,7) = [0	-1	-2	-3	-3	-3	-3;1	0	-1	-2	-2	-2	-3;2	1	0	-1	-1	-2	-3;3	2	1	0	-1	-2	-3;3	2	1	1	0	-1	-2;3	2	2	2	1	0	-1;3	3	3	3	2	1	0]; % South
        D(:,:,8) = [3	3	3	3	2	1	0;3	2	2	2	1	0	-1;3	2	1	1	0	-1	-2;3	2	1	0	-1	-2	-3;2	1	0	-1	-1	-2	-3;1	0	-1	-2	-2	-2	-3;0	-1	-2	-3	-3	-3	-3];  % South Eest
      case 9
        D(:,:,1) = [4	4	4	4	4	4	4	4	4;3	3	3	3	3	3	3	3	3;2	2	2	2	2	2	2	2	2;1	1	1	1	1	1	1	1	1;0	0	0	0	0	0	0	0	0;-1	-1	-1	-1	-1	-1	-1	-1	-1;-2	-2	-2	-2	-2	-2	-2	-2	-2;-3	-3	-3	-3	-3	-3	-3	-3	-3;-4	-4	-4	-4	-4	-4	-4	-4	-4];         % East
        D(:,:,2) = [4	3	2	1	0	-1	-2	-3	-4;4	3	2	1	0	-1	-2	-3	-4;4	3	2	1	0	-1	-2	-3	-4;4	3	2	1	0	-1	-2	-3	-4;4	3	2	1	0	-1	-2	-3	-4;4	3	2	1	0	-1	-2	-3	-4;4	3	2	1	0	-1	-2	-3	-4;4	3	2	1	0	-1	-2	-3	-4;4	3	2	1	0	-1	-2	-3	-4];   % North East
        D(:,:,3) = [-4	-3	-2	-1	0	1	2	3	4;-4	-3	-2	-1	0	1	2	3	4;-4	-3	-2	-1	0	1	2	3	4;-4	-3	-2	-1	0	1	2	3	4;-4	-3	-2	-1	0	1	2	3	4;-4	-3	-2	-1	0	1	2	3	4;-4	-3	-2	-1	0	1	2	3	4;-4	-3	-2	-1	0	1	2	3	4;-4	-3	-2	-1	0	1	2	3	4];  % North
        D(:,:,4) = [-4	-4	-4	-4	-4	-4	-4	-4	-4;-3	-3	-3	-3	-3	-3	-3	-3	-3;-2	-2	-2	-2	-2	-2	-2	-2	-2;-1	-1	-1	-1	-1	-1	-1	-1	-1;0	0	0	0	0	0	0	0	0;1	1	1	1	1	1	1	1	1;2	2	2	2	2	2	2	2	2;3	3	3	3	3	3	3	3	3;4	4	4	4	4	4	4	4	4];        % North West
        D(:,:,5) = [-4	-4	-4	-4	-4	-3	-2	-1	0;-4	-3	-3	-3	-3	-2	-1	0	1;-4	-3	-2	-2	-2	-1	0	1	2;-4	-3	-2	-1	-1	0	1	2	3;-4	-3	-2	-1	0	1	2	3	4;-3	-2	-1	0	1	1	2	3	4;-2	-1	0	1	2	2	2	3	4;-1	0	1	2	3	3	3	3	4;0	1	2	3	4	4	4	4	4];  % West
        D(:,:,6) = [0	1	2	3	4	4	4	4	4;-1	0	1	2	3	3	3	3	4;-2	-1	0	1	2	2	2	3	4;-3	-2	-1	0	1	1	2	3	4;-4	-3	-2	-1	0	1	2	3	4;-4	-3	-2	-1	-1	0	1	2	3;-4	-3	-2	-2	-2	-1	0	1	2;-4	-3	-3	-3	-3	-2	-1	0	1;-4	-4	-4	-4	-4	-3	-2	-1	0;]; % South West
        D(:,:,7) = [0	-1	-2	-3	-4	-4	-4	-4	-4;1	0	-1	-2	-3	-3	-3	-3	-4;2	1	0	-1	-2	-2	-2	-3	-4;3	2	1	0	-1	-1	-2	-3	-4;4	3	2	1	0	-1	-2	-3	-4;4	3	2	1	1	0	-1	-2	-3;4	3	2	2	2	1	0	-1	-2;4	3	3	3	3	2	1	0	-1;4	4	4	4	4	3	2	1	0];  % South
        D(:,:,8) = [4	4	4	4	4	3	2	1	0;4	3	3	3	3	2	1	0	-1;4	3	2	2	2	1	0	-1	-2;4	3	2	1	1	0	-1	-2	-3;4	3	2	1	0	-1	-2	-3	-4;3	2	1	0	-1	-1	-2	-3	-4;2	1	0	-1	-2	-2	-2	-3	-4;1	0	-1	-2	-3	-3	-3	-3	-4;0	-1	-2	-3	-4	-4	-4	-4	-4];   % South Eest
      otherwise
        error('Prewitt mask size not supported. Use only: 3, 5, 7, 9');
    end
  case 'robinson'
    switch neighSize
      case 3
        D(:,:,1) = [-1 0 1; -2 0 2; -1 0 1];      % N
        D(:,:,2) = [0 1 2; -1 0 1; -2 -1 0];      % W
        D(:,:,3) = [1 2 1; 0 0 0; -1 -2 -1];      % S
        D(:,:,4) = [2 1 0; 1 0 -1; 0 -1 -2];      % E
        D(:,:,5) = [1 0 -1; 2 0 -2; 1 0 -1];      % NW
        D(:,:,6) = [0 -1 -2; 1 0 -1; 2 1 0];      % SW
        D(:,:,7) = [-1 -2 -1; 0 0 0; 1 2 1];      % SE
        D(:,:,8) = [-2 -1 0; -1 0 1; 0 1 2];      % NE
      otherwise
        error('Robinson mask size not supported. Use only: 3');
    end
  otherwise
    error('Mask not supported. Use only: Kirsch, Sobel, Prewitt, Robinson.');
end

%% Code computation
% compute response
[r c] = size(I);

R = zeros(r,c,8);
for i=1:8
  R(:,:,i) = imfilter(I,D(:,:,i));
end

% sort responses
if comp_abs, R = abs(R); end;
[~, idx] = sort(R,3,'descend');

% get the first maximum response, shift to zero start
F = idx(:,:,1)-1;
% second max response
S = idx(:,:,2)-1;

% compute the full index access in the matrix
sz = size(I,1)*size(I,2);
ind = reshape(1:sz,size(I));

% Subtract the directions
Sb = zeros(size(I,1),size(I,2),4);
Sb(:,2:end-1,1) = I(:,3:end) - I(:,1:end-2);                 % 0 dir
Sb(2:end-1,2:end-1,2) = I(1:end-2,3:end) - I(3:end,1:end-2); % 1 dir
Sb(2:end-1,:,3) = I(1:end-2,:) - I(3:end,:);                 % 2 dir
Sb(2:end-1,2:end-1,4) = I(1:end-2,1:end-2) - I(3:end,3:end); % 3 dir

% compute sign for the directions
pneg = (-1).^floor(F./4);
sneg = (-1).^floor(S./4);
% compute indexes
pind = ind + sz.*mod(F,4);
sind = ind + sz.*mod(S,4);

% compute ternary pattern
d1 = Sb(pind).*pneg;
d2 = Sb(sind).*sneg;
% 1 less than threshold, 2 greater than threshold, 0 equal
c1 = (d1 < -THR) + (d1 > THR).*2;
c2 = (d2 < -THR) + (d2 > THR).*2;

% code
% 3 bits principal direction, 2 bits each direction
C1 = F.*16 + c1.*4 + c2;
% remove the outter boundary (as it's noisy)
C = C1(2:end-1,2:end-1);

end
